58.181
11
0
78.3688 2 -46.7777
0 0 0
1 5
2
-13.78 -0.00500001 45
6 0.005 1 57.9248
3
63.0624 2.06497 -37.3964
-0.803747 0.00999982 0.594887
1 1
2 74.688
3
64.1781 2.07512 -31.4444
-0.464975 0.00999982 0.885267
1 1
2 73.6742
3
68.6574 3.18862 -27.0227
0.454072 0.139543 0.87997
1 1
2 72.667
3
65.6059 3.51655 -21.0265
0.302449 0.159318 0.939757
1 1
2 71.6657
4
78.3688 0 -46.7777
0 1 0
1000 0
1
-16.816 2 31.9835
-0.0817714 0 -0.996651
1 0
4.30703
1
8.9243 2 21.3543
0.965099 0 0.261885
1 0
3.18735
1
47.9599 2 33.562
-0.248723 0 0.968575
1 0
4.57975
3
92.8895 2 -43.6628
0.995366 0 -0.0961586
0.1 10
2 65.0987
1
31.8501 2 -57.0965
-0.999062 0 -0.0433133
1 0
2.73153
